-0.03 0
-0.06 0
-0.08 0
-0.11 0
-0.14 0
-0.16 0
-0.15 0
-0.14 0
-0.14 0
-0.10 0
-0.03 0
-0.03 0
-0.03 0
-0.03 0
-0.03 0
-0.03 0
-0.06 0
-0.08 0
-0.11 0
-0.13 0
-0.19 0
-0.15 0
-0.11 0
-0.11 0
-0.07 0
-0.04 0
-0.00 0
0.03 0
0.06 0
0.08 0
0.11 0
0.11 0
0.07 0
0.10 0
0.09 0
0.06 0
0.02 0
0.02 0
-0.01 0
-0.04 0
-0.07 0
-0.10 0
-0.09 0
-0.12 0
-0.14 0
-0.13 0
-0.13 0
-0.15 0
-0.11 0
-0.08 0
-0.04 0
-0.01 0
0.02 0
0.05 0
0.08 0
0.10 0
0.10 0
0.09 0
0.06 0
0.06 0
0.05 0
0.05 0
0.02 0
-0.01 0
-0.04 0
-0.07 0
-0.07 0
-0.06 0
-0.06 0
-0.06 0
-0.06 0
-0.08 0
-0.08 0
-0.08 0
-0.07 0
-0.07 0
-0.03 0
-0.03 0
-0.03 0
-0.03 0
-0.03 0
0.00 0
0.03 0
0.03 0
0.06 0
0.09 0
0.08 0
0.11 0
0.14 0
0.13 0
0.12 0
0.12 0
0.11 0
0.11 0
0.07 0
0.04 0
0.00 0
0.00 0
0.00 0
-0.03 0
-0.06 0
-0.05 0
-0.05 0
-0.05 0
0.01 0
0.04 0
0.07 0
0.07 0
0.07 0
0.09 0
0.09 0
0.08 0
0.08 0
0.11 0
0.07 0
0.07 0
0.06 0
0.06 0
0.06 0
0.02 0
0.02 0
-0.01 0
-0.04 0
-0.01 0
-0.01 0
-0.01 0
-0.01 0
-0.04 0
-0.06 0
-0.03 0
0.00 0
0.03 0
0.06 0
0.03 0
0.03 0
0.02 0
0.02 0
0.05 0
0.05 0
0.02 0
-0.01 0
-0.04 0
-0.07 0
-0.10 0
-0.09 0
-0.09 0
-0.12 0
-0.14 0
-0.13 0
-0.13 0
-0.12 0
-0.11 0
-0.11 0
-0.10 0
-0.13 0
-0.15 0
-0.15 0
-0.11 0
-0.07 0
-0.07 0
-0.03 0
-0.00 0
0.03 0
0.03 0
0.03 0
0.06 0
0.08 0
0.08 0
0.07 0
0.10 0
0.10 0
0.09 0
0.09 0
0.11 0
0.14 0
0.13 0
0.12 0
0.09 0
0.08 0
0.08 0
0.08 0
0.07 0
0.07 0
0.06 0
0.06 0
0.06 0
0.02 0
0.02 0
0.02 0
0.02 0
-0.01 0
-0.04 0
-0.07 0
-0.10 0
-0.12 0
-0.15 0
-0.11 0
-0.07 0
-0.07 0
-0.07 0
-0.06 0
-0.06 0
-0.06 0
-0.05 0
-0.05 0
-0.05 0
-0.08 0
-0.10 0
-0.13 0
-0.15 0
-0.11 0
-0.08 0
-0.04 0
-0.01 0
-0.01 0
-0.01 0
0.02 0
0.05 0
0.08 0
0.07 0
0.04 0
0.04 0
0.01 0
-0.02 0
-0.02 0
-0.02 0
-0.05 0
-0.05 0
-0.05 0
-0.01 0
0.02 0
-0.01 0
-0.01 0
-0.01 0
-0.01 0
0.02 0
0.05 0
0.05 0
0.04 0
-0.02 0
-0.02 0
0.01 0
0.01 0
0.01 0
0.01 0
-0.02 0
-0.05 0
-0.08 0
-0.07 0
-0.01 0
-0.01 0
-0.04 0
-0.04 0
-0.00 0
0.03 0
0.06 0
0.08 0
0.11 0
0.10 0
0.10 0
0.09 0
0.12 0
0.14 0
0.11 0
0.07 0
0.04 0
0.00 0
-0.03 0
-0.02 0
-0.02 0
-0.02 0
-0.02 0
-0.02 0
0.01 0
0.04 0
0.07 0
0.07 0
0.06 0
0.06 0
0.06 0
0.05 0
0.05 0
0.05 0
0.05 0
0.04 0
0.04 0
0.07 0
0.07 0
0.03 0
0.00 0
-0.03 0
-0.06 0
-0.09 0
-0.11 0
-0.14 0
-0.16 0
-0.18 0
-0.14 0
-0.11 0
-0.07 0
-0.04 0
-0.00 0
0.03 0
0.06 0
0.08 0
0.11 0
0.13 0
0.13 0
0.12 0
0.12 0
0.11 0
0.10 0
0.10 0
0.09 0
0.06 0
0.03 0
-0.01 0
-0.04 0
-0.07 0
-0.09 0
-0.12 0
-0.11 0
-0.11 0
-0.10 0
-0.10 0
-0.09 0
-0.09 0
-0.08 0
-0.08 0
-0.07 0
-0.04 0
-0.04 0
-0.07 0
-0.06 0
-0.03 0
0.00 0
0.03 0
0.06 0
0.09 0
0.08 0
0.05 0
0.02 0
0.02 0
-0.02 0
-0.05 0
-0.04 0
-0.04 0
-0.04 0
-0.04 0
-0.00 0
0.03 0
0.06 0
0.08 0
0.11 0
0.13 0
0.13 0
0.12 0
0.12 0
0.11 0
0.10 0
0.10 0
0.12 0
0.12 0
0.08 0
0.08 0
0.07 0
0.07 0
0.07 0
0.06 0
0.06 0
0.06 0
0.02 0
0.02 0
0.05 0
0.05 0
0.05 0
0.04 0
0.04 0
0.01 0
-0.02 0
-0.05 0
-0.05 0
-0.05 0
-0.04 0
-0.04 0
-0.04 0
-0.04 0
-0.04 0
-0.03 0
-0.03 0
-0.03 0
-0.06 0
-0.06 0
-0.05 0
-0.08 0
-0.11 0
-0.13 0
-0.16 0
-0.12 0
-0.11 0
-0.11 0
-0.10 0
-0.13 0
-0.15 0
-0.14 0
-0.11 0
-0.07 0
-0.04 0
-0.03 0
-0.00 0
0.03 0
0.06 0
0.09 0
0.11 0
0.14 0
0.13 0
0.12 0
0.12 0
0.11 0
0.11 0
0.10 0
0.06 0
0.03 0
0.03 0
0.06 0
0.09 0
0.05 0
0.02 0
-0.01 0
-0.04 0
-0.07 0
-0.07 0
-0.03 0
-0.03 0
-0.09 0
-0.15 0
-0.14 0
-0.13 0
-0.13 0
-0.12 0
-0.11 0
-0.11 0
-0.13 0
-0.16 0
-0.15 0
-0.11 0
-0.08 0
-0.04 0
-0.01 0
0.02 0
0.05 0
0.05 0
0.05 0
0.04 0
0.04 0
0.01 0
0.04 0
0.01 0
-0.02 0
-0.05 0
-0.08 0
-0.08 0
-0.07 0
-0.04 0
-0.04 0
-0.04 0
-0.09 0
-0.09 0
-0.09 0
-0.05 0
-0.02 0
-0.02 0
-0.02 0
-0.01 0
0.02 0
0.05 0
0.07 0
0.10 0
0.10 0
0.09 0
0.09 0
0.11 0
0.14 0
0.13 0
0.12 0
0.12 0
0.11 0
0.11 0
0.13 0
0.13 0
0.12 0
0.11 0
0.08 0
0.07 0
0.07 0
0.07 0
0.06 0
0.06 0
0.06 0
0.05 200
0.05 200
0.05 200
0.08 200
0.19 200
0.49 200
1.05 200
2.00 200
3.33 200
5.12 200
7.43 200
10.29 200
13.78 200
17.91 200
22.63 200
27.94 200
33.80 200
40.11 200
46.83 200
53.98 200
61.50 200
69.32 200
77.45 200
85.79 200
94.32 200
102.97 200
111.70 200
120.49 200
129.36 200
138.21 200
147.05 200
155.90 200
164.74 200
173.56 200
182.28 200
190.96 200
199.54 200
208.05 200
216.51 200
224.88 200
233.14 200
241.29 200
249.24 200
257.10 200
264.88 200
272.48 200
279.97 200
287.31 200
294.45 200
301.49 200
308.36 200
315.07 200
321.59 200
328.00 200
334.22 200
340.30 200
346.24 200
352.03 200
357.62 200
363.05 200
368.40 200
373.51 200
378.57 200
383.42 200
388.14 200
392.75 200
397.19 200
401.44 200
405.63 200
409.64 200
413.48 200
417.32 200
420.99 200
424.59 200
428.08 200
431.46 200
434.70 200
437.90 200
440.99 200
444.03 200
446.94 200
449.81 200
452.49 200
455.07 200
457.62 200
460.07 200
462.46 200
464.75 200
467.03 200
469.22 200
471.36 200
473.40 200
475.46 200
477.47 200
479.38 200
481.26 200
483.17 200
485.04 200
486.76 200
488.49 200
490.15 200
491.74 200
493.28 200
494.73 200
496.15 200
497.53 200
498.77 200
499.93 200
501.09 200
502.09 200
503.11 200
504.08 200
505.00 200
505.81 200
506.64 200
507.40 200
508.10 200
508.81 200
509.43 200
510.06 200
510.65 200
511.21 200
511.71 200
512.28 200
512.78 200
513.27 200
513.79 200
514.25 200
514.79 200
515.35 200
515.89 200
516.40 200
516.98 200
517.47 200
517.99 200
518.55 200
519.14 200
519.74 200
520.39 200
521.01 200
521.64 200
522.32 200
522.90 200
523.58 200
524.29 200
524.87 200
525.48 200
526.09 200
526.62 200
527.20 200
527.73 200
528.23 200
528.79 200
529.30 200
529.69 200
530.21 200
530.59 200
530.98 200
531.31 200
531.60 200
531.94 200
532.23 200
532.47 200
532.74 200
532.95 200
533.13 200
533.36 200
533.55 200
533.76 200
533.92 200
534.05 200
534.24 200
534.44 200
534.60 200
534.82 200
535.03 200
535.19 200
535.32 200
535.53 200
535.73 200
535.92 200
536.10 200
536.31 200
536.47 200
536.71 200
536.95 200
537.20 200
537.50 200
537.73 200
537.97 200
538.26 200
538.51 200
538.71 200
538.97 200
539.15 200
539.32 200
539.55 200
539.70 200
539.82 200
539.99 200
540.06 200
540.12 200
540.22 200
540.30 200
540.36 200
540.44 200
540.43 200
540.44 200
540.52 200
540.50 200
540.52 200
540.56 200
540.60 200
540.52 200
540.53 200
540.51 200
540.52 200
540.63 200
540.64 200
540.64 200
540.74 200
540.80 200
540.83 200
540.98 200
541.03 200
541.11 200
541.22 200
541.29 200
541.41 200
541.56 200
541.68 200
541.84 200
542.03 200
542.25 200
542.48 200
542.73 200
543.00 200
543.22 200
543.53 200
543.82 200
544.12 200
544.41 200
544.66 200
544.89 200
545.17 200
545.35 200
545.49 200
545.68 200
545.80 200
545.94 200
546.02 200
546.12 200
546.19 200
546.23 200
546.23 200
546.26 200
546.29 200
546.29 200
546.20 200
546.14 200
546.09 200
545.97 200
545.99 200
546.00 200
545.95 200
545.94 200
545.86 200
545.79 200
545.78 200
545.72 200
545.65 200
545.59 200
545.47 200
545.39 200
545.31 200
545.30 200
545.32 200
545.33 200
545.38 200
545.42 200
545.53 200
545.62 200
545.72 200
545.78 200
545.89 200
545.91 200
545.96 200
545.97 200
545.96 200
545.94 200
545.90 200
545.86 200
545.78 200
545.69 200
545.59 200
545.41 200
545.24 200
545.08 200
544.83 200
544.60 200
544.29 200
544.02 200
543.73 200
543.40 200
543.03 200
542.79 200
542.51 200
542.18 200
541.99 200
541.77 200
541.57 200
541.35 200
541.16 200
541.05 200
541.01 200
540.91 200
540.84 200
540.87 200
540.83 200
540.80 200
540.86 200
540.88 200
540.94 200
541.05 200
541.10 200
541.24 200
541.39 200
541.55 200
541.72 200
541.98 200
542.19 200
542.43 200
542.65 200
542.83 200
543.06 200
543.28 200
543.46 200
543.67 200
543.83 200
543.92 200
544.00 200
544.06 200
544.14 200
544.15 200
544.16 200
544.15 200
544.10 200
544.03 200
543.96 200
543.95 200
543.88 200
543.85 200
543.79 200
543.79 200
543.76 200
543.70 200
543.74 200
543.71 200
543.72 200
543.69 200
543.73 200
543.73 200
543.77 200
543.77 200
543.77 200
543.84 200
543.87 200
543.93 200
544.01 200
544.06 200
544.14 200
544.28 200
544.38 200
544.53 200
544.65 200
544.76 200
544.90 200
545.00 200
545.09 200
545.21 200
545.29 200
545.34 200
545.39 200
545.40 200
545.48 200
545.52 200
545.49 200
545.53 200
545.51 200
545.45 200
545.40 200
545.35 200
545.28 200
545.20 200
545.10 200
544.92 200
544.83 200
544.72 200
544.65 200
544.57 200
544.48 200
544.35 200
544.33 200
544.33 200
544.31 200
544.34 200
544.32 200
544.26 200
544.30 200
544.31 200
544.37 200
544.53 200
544.59 200
544.61 200
544.75 200
544.89 200
545.02 200
545.26 200
545.41 200
545.57 200
545.76 200
545.91 200
546.11 200
546.36 200
546.51 200
546.74 200
546.93 200
547.08 200
547.28 200
547.51 200
547.63 200
547.80 200
547.97 200
548.04 200
548.16 200
548.19 200
548.25 200
548.27 200
548.23 200
548.16 200
548.16 200
548.09 200
547.97 200
547.92 200
547.80 200
547.67 200
547.57 200
547.44 200
547.35 200
547.30 200
547.18 200
547.11 200
547.03 200
546.97 200
546.87 200
546.84 200
546.81 200
546.81 200
546.76 200
546.70 200
546.77 200
546.71 200
546.69 200
546.73 200
546.80 200
546.83 200
546.87 200
546.87 200
546.93 200
546.99 200
546.92 200
546.98 200
547.00 200
546.91 200
546.81 200
546.76 200
546.67 200
546.56 200
546.42 200
546.26 200
546.11 200
545.87 200
545.65 200
545.40 200
545.17 200
544.89 200
544.56 200
544.28 200
544.01 200
543.67 200
543.37 200
543.09 200
542.79 200
542.57 200
542.36 200
542.15 200
541.99 200
541.81 200
541.64 200
541.56 200
541.49 200
541.40 200
541.43 200
541.42 200
541.42 200
541.45 200
541.51 200
541.59 200
541.77 200
541.93 200
542.05 200
542.30 200
542.40 200
542.56 200
542.78 200
543.05 200
543.24 200
543.48 200
543.62 200
543.75 200
543.91 200
544.00 200
544.14 200
544.28 200
544.31 200
544.32 200
544.39 200
544.39 200
544.39 200
544.45 200
544.45 200
544.42 200
544.39 200
544.33 200
544.31 200
544.25 200
544.20 200
544.15 200
544.14 200
544.03 200
544.02 200
544.01 200
544.00 200
543.99 200
544.04 200
544.06 200
544.08 200
544.07 200
544.06 200
544.11 200
544.12 200
544.23 200
544.30 200
544.40 200
544.46 200
544.61 200
544.76 200
544.98 200
545.17 200
545.35 200
545.51 200
545.58 200
545.71 200
545.80 200
545.88 200
545.90 200
545.92 200
545.91 200
545.92 200
545.91 200
545.87 200
545.89 200
545.84 200
545.80 200
545.74 200
545.64 200
545.58 200
545.46 200
545.32 200
545.27 200
545.23 200
545.19 200
545.15 200
545.09 200
545.06 200
545.09 200
545.05 200
545.08 200
545.14 200
545.14 200
545.16 200
545.19 200
545.21 200
545.32 200
545.43 200
545.57 200
545.72 200
545.90 200
546.04 200
546.24 200
546.48 200
546.69 200
546.94 200
547.21 200
547.44 200
547.68 200
547.95 200
548.20 200
548.50 200
548.69 200
548.88 200
549.14 200
549.30 200
549.46 200
549.66 200
549.80 200
549.90 200
550.02 200
550.11 200
550.13 200
550.21 200
550.23 200
550.21 200
550.17 200
550.09 200
549.99 200
549.96 200
549.84 200
549.69 200
549.64 200
549.47 200
549.34 200
549.31 200
549.19 200
549.10 200
549.02 200
548.88 200
548.78 200
548.75 200
548.69 200
548.63 200
548.54 200
548.45 200
548.44 200
548.45 200
548.43 200
548.45 200
548.52 200
548.53 200
548.57 200
548.64 200
548.70 200
548.73 200
548.73 200
548.61 200
548.58 200
548.53 200
548.38 200
548.28 200
548.12 200
547.96 200
547.79 200
547.62 200
547.40 200
547.22 200
546.99 200
546.74 200
546.47 200
546.16 200
545.89 200
545.54 200
545.18 200
544.84 200
544.54 200
544.26 200
543.93 200
543.68 200
543.45 200
543.25 200
543.04 200
542.89 200
542.79 200
542.66 200
542.59 200
542.50 200
542.51 200
542.45 200
542.43 200
542.47 200
542.53 200
542.60 200
542.69 200
542.81 200
542.95 200
543.15 200
543.30 200
543.54 200
543.77 200
543.99 200
544.16 200
544.39 200
544.60 200
544.87 200
545.06 200
545.24 200
545.42 200
545.52 200
545.62 200
545.65 200
545.71 200
545.71 200
545.71 200
545.64 200
545.58 200
545.56 200
545.41 200
545.33 200
545.25 200
545.18 200
545.08 200
545.05 200
544.93 200
544.84 200
544.82 200
544.71 200
544.73 200
544.74 200
544.76 200
544.77 200
544.85 200
544.86 200
544.93 200
544.99 200
545.00 200
545.06 200
545.18 200
545.21 200
545.29 200
545.40 200
545.47 200
545.60 200
545.76 200
545.88 200
546.02 200
546.15 200
546.22 200
546.34 200
546.40 200
546.48 200
546.57 200
546.58 200
546.56 200
546.55 200
546.54 200
546.49 200
546.45 200
546.41 200
546.31 200
546.16 200
546.10 200
545.99 200
545.94 200
545.83 200
545.82 200
545.76 200
545.72 200
545.69 200
545.68 200
545.68 200
545.68 200
545.71 200
545.71 200
545.77 200
545.70 200
545.76 200
545.81 200
545.81 200
545.86 200
545.97 200
545.99 200
546.12 200
546.22 200
546.38 200
546.55 200
546.75 200
546.91 200
547.12 200
547.39 200
547.60 200
547.84 200
548.04 200
548.25 200
548.43 200
548.63 200
548.81 200
548.96 200
549.10 200
549.23 200
549.36 200
549.48 200
549.59 200
549.67 200
549.74 200
549.82 200
549.76 200
549.77 200
549.75 200
549.66 200
549.62 200
549.54 200
549.38 200
549.34 200
549.19 200
549.04 200
548.96 200
548.83 200
548.73 200
548.67 200
548.52 200
548.41 200
548.36 200
548.22 200
548.19 200
548.12 200
548.06 200
548.06 200
548.06 200
548.06 200
548.10 200
548.16 200
548.19 200
548.15 200
548.21 200
548.20 200
548.17 200
548.22 200
548.25 200
548.18 200
548.18 200
548.08 200
547.99 200
547.96 200
547.82 200
547.74 200
547.67 200
547.44 200
547.20 200
547.03 200
546.75 200
546.51 200
546.26 200
545.98 200
545.69 200
545.38 200
545.03 200
544.70 200
544.41 200
544.04 200
543.76 200
543.46 200
543.20 200
542.93 200
542.73 200
542.51 200
542.39 200
542.31 200
542.20 200
542.13 200
542.09 200
542.09 200
542.08 200
542.08 200
542.10 200
542.22 200
542.30 200
542.38 200
542.54 200
542.70 200
542.87 200
543.04 200
543.24 200
543.48 200
543.74 200
543.90 200
544.08 200
544.28 200
544.41 200
544.59 200
544.71 200
544.81 200
544.92 200
545.02 200
545.02 200
545.05 200
545.05 200
544.99 200
544.96 200
544.87 200
544.82 200
544.74 200
544.69 200
544.56 200
544.52 200
544.46 200
544.33 200
544.31 200
544.25 200
544.17 200
544.18 200
544.17 200
544.09 200
544.10 200
544.09 200
544.08 200
544.19 200
544.23 200
544.24 200
544.40 200
544.43 200
544.53 200
544.67 200
544.78 200
544.86 200
545.02 200
545.14 200
545.23 200
545.40 200
545.48 200
545.58 200
545.67 200
545.67 200
545.73 200
545.85 200
545.84 200
545.83 200
545.88 200
545.87 200
545.80 200
545.76 200
545.73 200
545.69 200
545.69 200
545.57 200
545.48 200
545.40 200
545.20 200
545.04 200
544.94 200
544.83 200
544.75 200
544.67 200
544.54 200
544.47 200
544.47 200
544.44 200
544.53 200
544.58 200
544.64 200
544.66 200
544.68 200
544.73 200
544.80 200
544.91 200
544.97 200
545.13 200
545.25 200
545.39 200
545.56 200
545.77 200
545.98 200
546.24 200
546.49 200
546.69 200
546.94 200
547.15 200
547.38 200
547.57 200
547.75 200
547.92 200
548.02 200
548.12 200
548.24 200
548.35 200
548.43 200
548.50 200
548.55 200
548.61 200
548.65 200
548.62 200
548.66 200
548.63 200
548.54 200
548.52 200
548.50 200
548.36 200
548.25 200
548.15 200
548.06 200
547.97 200
547.85 200
547.74 200
547.64 200
547.48 200
547.33 200
547.27 200
547.16 200
547.09 200
546.98 200
546.92 200
546.91 200
546.91 200
546.91 200
546.97 200
547.00 200
547.05 200
547.16 200
547.15 200
547.23 200
547.30 200
547.25 200
547.23 200
547.21 200
547.17 200
547.12 200
547.02 200
546.83 200
546.77 200
546.65 200
546.48 200
546.35 200
546.19 200
545.98 200
545.72 200
545.47 200
545.18 200
544.99 200
544.65 200
544.28 200
543.98 200
543.73 200
543.40 200
543.11 200
542.81 200
542.56 200
542.35 200
542.05 200
541.90 200
541.78 200
541.61 200
541.44 200
541.41 200
541.35 200
541.35 200
541.35 200
541.32 200
541.42 200
541.51 200
541.65 200
541.82 200
541.98 200
542.14 200
542.34 200
542.60 200
542.81 200
543.05 200
543.27 200
543.45 200
543.59 200
543.75 200
543.97 200
544.12 200
544.29 200
544.35 200
544.42 200
544.57 200
544.66 200
544.71 200
544.78 200
544.83 200
544.81 200
544.79 200
544.74 200
544.70 200
544.68 200
544.58 200
544.51 200
544.38 200
544.30 200
544.24 200
544.16 200
544.14 200
544.13 200
544.14 200
544.10 200
544.11 200
544.10 200
544.15 200
544.16 200
544.14 200
544.22 200
544.29 200
544.33 200
544.36 200
544.49 200
544.58 200
544.72 200
544.89 200
545.02 200
545.18 200
545.32 200
545.40 200
545.47 200
545.60 200
545.64 200
545.70 200
545.73 200
545.72 200
545.78 200
545.81 200
545.74 200
545.76 200
545.76 200
545.66 200
545.63 200
545.57 200
545.45 200
545.46 200
545.32 200
545.21 200
545.18 200
545.05 200
544.95 200
544.93 200
544.87 200
544.82 200
544.86 200
544.72 200
544.70 200
544.69 200
544.62 200
544.64 200
544.69 200
544.71 200
544.75 200
544.83 200
544.87 200
545.03 200
545.25 200
545.39 200
545.62 200
545.80 200
546.01 200
546.20 200
546.45 200
546.65 200
546.88 200
547.06 200
547.18 200
547.34 200
547.44 200
547.57 200
547.71 200
547.86 200
547.96 200
548.06 200
548.15 200
548.30 200
548.41 200
548.52 200
548.65 200
548.68 200
548.65 200
548.66 200
548.63 200
548.60 200
548.49 200
548.34 200
548.21 200
548.08 200
547.99 200
547.87 200
547.82 200
547.75 200
547.64 200
547.57 200
547.57 200
547.53 200
547.50 200
547.44 200
547.35 200
547.39 200
547.33 200
547.31 200
547.32 200
547.29 200
547.24 200
547.22 200
547.24 200
547.25 200
547.32 200
547.33 200
547.31 200
547.32 200
547.26 200
547.25 200
547.29 200
547.27 200
547.19 200
547.14 200
547.01 200
546.85 200
546.76 200
546.58 200
546.41 200
546.25 200
545.98 200
545.69 200
545.44 200
545.12 200
544.78 200
544.48 200
544.12 200
543.77 200
543.46 200
543.11 200
542.78 200
542.56 200
542.29 200
542.09 200
541.93 200
541.75 200
541.64 200
541.54 200
541.44 200
541.41 200
541.43 200
541.40 200
541.43 200
541.49 200
541.58 200
541.66 200
541.77 200
541.93 200
542.09 200
542.26 200
542.46 200
542.65 200
542.90 200
543.16 200
543.37 200
543.61 200
543.86 200
544.04 200
544.28 200
544.44 200
544.56 200
544.74 200
544.81 200
544.85 200
544.89 200
544.93 200
544.91 200
544.88 200
544.80 200
544.75 200
544.67 200
544.60 200
544.53 200
544.47 200
544.37 200
544.28 200
544.20 200
544.21 200
544.19 200
544.20 200
544.28 200
544.25 200
544.23 200
544.24 200
544.25 200
544.29 200
544.39 200
544.39 200
544.43 200
544.46 200
544.46 200
544.52 200
544.69 200
544.80 200
544.94 200
545.10 200
545.21 200
545.33 200
545.50 200
545.63 200
545.69 200
545.87 200
545.86 200
545.91 200
545.99 200
545.97 200
545.96 200
546.03 200
545.95 200
545.91 200
545.96 200
545.85 200
545.87 200
545.80 200
545.70 200
545.64 200
545.55 200
545.37 200
545.32 200
545.22 200
545.09 200
544.99 200
544.84 200
544.76 200
544.71 200
544.70 200
544.69 200
544.70 200
544.72 200
544.74 200
544.75 200
544.77 200
544.90 200
545.00 200
545.10 200
545.15 200
545.27 200
545.41 200
545.55 200
545.73 200
545.91 200
546.14 200
546.30 200
546.51 200
546.72 200
546.97 200
547.12 200
547.35 200
547.54 200
547.72 200
547.89 200
548.05 200
548.18 200
548.26 200
548.41 200
548.45 200
548.59 200
548.63 200
548.63 200
548.60 200
548.61 200
548.55 200
548.50 200
548.45 200
548.34 200
548.30 200
548.13 200
547.95 200
547.86 200
547.75 200
547.59 200
547.52 200
547.40 200
547.31 200
547.23 200
547.12 200
547.05 200
547.04 200
546.97 200
546.90 200
546.93 200
546.90 200
546.87 200
546.93 200
546.89 200
546.86 200
546.92 200
546.89 200
546.92 200
546.95 200
546.88 200
546.88 200
546.94 200
546.88 200
546.85 200
546.82 200
546.73 200
546.71 200
546.59 200
546.49 200
546.41 200
546.22 200
546.04 200
545.81 200
545.56 200
545.32 200
545.03 200
544.69 200
544.38 200
544.07 200
543.73 200
543.43 200
543.11 200
542.81 200
542.59 200
542.37 200
542.17 200
542.01 200
541.86 200
541.71 200
541.63 200
541.50 200
541.43 200
541.40 200
541.37 200
541.37 200
541.43 200
541.43 200
541.52 200
541.63 200
541.74 200
541.94 200
542.12 200
542.33 200
542.56 200
542.74 200
542.98 200
543.24 200
543.51 200
543.77 200
543.99 200
544.19 200
544.42 200
544.57 200
544.75 200
544.91 200
545.01 200
545.14 200
545.22 200
545.21 200
545.27 200
545.29 200
545.21 200
545.20 200
545.13 200
545.04 200
545.04 200
544.98 200
544.92 200
544.90 200
544.84 200
544.79 200
544.80 200
544.85 200
544.83 200
544.87 200
544.82 200
544.83 200
544.84 200
544.85 200
544.89 200
544.99 200
545.05 200
545.08 200
545.20 200
545.32 200
545.42 200
545.62 200
545.68 200
545.83 200
545.98 200
546.08 200
546.18 200
546.28 200
546.37 200
546.46 200
546.54 200
546.52 200
546.60 200
546.65 200
546.60 200
546.58 200
546.60 200
546.58 200
546.53 200
546.49 200
546.42 200
546.35 200
546.22 200
546.10 200
546.02 200
545.88 200
545.74 200
545.62 200
545.50 200
545.35 200
545.25 200
545.17 200
545.20 200
545.16 200
545.22 200
545.30 200
545.32 200
545.39 200
545.47 200
545.57 200
545.67 200
545.79 200
545.87 200
546.04 200
546.12 200
546.18 200
546.34 200
546.52 200
546.75 200
546.94 200
547.18 200
547.38 200
547.57 200
547.72 200
547.92 200
548.14 200
548.32 200
548.46 200
548.54 200
548.67 200
548.73 200
548.82 200
548.94 200
549.05 200
549.09 200
549.10 200
549.14 200
549.09 200
549.04 200
548.93 200
548.83 200
548.73 200
548.61 200
548.49 200
548.41 200
548.30 200
548.17 200
548.11 200
547.98 200
547.90 200
547.82 200
547.74 200
547.57 200
547.51 200
547.42 200
547.33 200
547.27 200
547.25 200
547.24 200
547.25 200
547.29 200
547.24 200
547.34 200
547.32 200
547.33 200
547.43 200
547.43 200
547.37 200
547.44 200
547.41 200
547.35 200
547.39 200
547.30 200
547.19 200
547.14 200
546.98 200
546.82 200
546.70 200
546.50 200
546.33 200
546.11 200
545.82 200
545.56 200
545.33 200
544.98 200
544.64 200
544.36 200
544.03 200
543.74 200
543.41 200
543.16 200
542.88 200
542.60 200
542.38 200
542.21 200
542.08 200
541.92 200
541.77 200
541.63 200
541.59 200
541.52 200
541.51 200
541.53 200
541.56 200
541.58 200
541.69 200
541.80 200
541.99 200
542.17 200
542.32 200
542.54 200
542.76 200
542.97 200
543.16 200
543.41 200
543.58 200
543.78 200
543.90 200
544.08 200
544.25 200
544.38 200
544.51 200
544.66 200
544.77 200
544.84 200
544.88 200
544.92 200
544.96 200
544.93 200
544.94 200
544.85 200
544.80 200
544.72 200
544.61 200
544.51 200
544.48 200
544.42 200
544.36 200
544.33 200
544.27 200
544.31 200
544.29 200
544.33 200
544.36 200
544.46 200
544.55 200
544.63 200
544.74 200
544.88 200
544.98 200
545.11 200
545.26 200
545.31 200
545.51 200
545.64 200
545.70 200
545.88 200
545.99 200
546.10 200
546.20 200
546.26 200
546.32 200
546.47 200
546.49 200
546.51 200
546.53 200
546.48 200
546.50 200
546.46 200
546.45 200
546.44 200
546.46 200
546.39 200
546.33 200
546.26 200
546.17 200
546.08 200
546.00 200
545.86 200
545.79 200
545.69 200
545.57 200
545.45 200
545.37 200
545.29 200
545.25 200
545.24 200
545.20 200
545.19 200
545.12 200
545.12 200
545.18 200
545.23 200
545.31 200
545.39 200
545.56 200
545.65 200
545.84 200
546.01 200
546.24 200
546.48 200
546.68 200
546.91 200
547.09 200
547.29 200
547.48 200
547.64 200
547.78 200
547.98 200
548.20 200
548.26 200
548.31 200
548.45 200
548.59 200
548.71 200
548.77 200
548.86 200
548.89 200
548.91 200
548.87 200
548.92 200
548.97 200
548.90 200
548.83 200
548.76 200
548.63 200
548.55 200
548.49 200
548.35 200
548.22 200
548.12 200
548.00 200
547.94 200
547.82 200
547.72 200
547.67 200
547.57 200
547.42 200
547.39 200
547.36 200
547.22 200
547.20 200
547.15 200
547.11 200
547.10 200
547.06 200
547.08 200
547.16 200
547.21 200
547.16 200
547.27 200
547.22 200
547.17 200
547.21 200
547.20 200
547.15 200
547.14 200
547.03 200
546.93 200
546.90 200
546.72 200
546.57 200
546.46 200
546.24 200
546.00 200
545.83 200
545.54 200
545.28 200
544.99 200
544.72 200
544.46 200
544.21 200
543.86 200
543.58 200
543.35 200
543.07 200
542.80 200
542.61 200
542.42 200
542.25 200
542.12 200
541.96 200
541.90 200
541.84 200
541.82 200
541.77 200
541.84 200
541.88 200
541.91 200
542.04 200
542.16 200
542.33 200
542.53 200
542.78 200
542.95 200
543.24 200
543.48 200
543.68 200
543.93 200
544.08 200
544.25 200
544.41 200
544.60 200
544.65 200
544.79 200
544.93 200
545.02 200
545.09 200
545.11 200
545.14 200
545.14 200
545.10 200
545.01 200
544.95 200
544.86 200
544.75 200
544.58 200
544.51 200
544.48 200
544.41 200
544.38 200
544.42 200
544.39 200
544.39 200
544.42 200
544.39 200
544.42 200
544.46 200
544.42 200
544.49 200
544.51 200
544.48 200
544.57 200
544.65 200
544.67 200
544.78 200
544.86 200
544.93 200
545.12 200
545.23 200
545.38 200
545.54 200
545.64 200
545.73 200
545.88 200
545.96 200
546.07 200
546.17 200
546.11 200
546.09 200
546.10 200
546.05 200
546.03 200
546.04 200
545.93 200
545.88 200
545.81 200
545.71 200
545.62 200
545.56 200
545.41 200
545.36 200
545.28 200
545.18 200
545.11 200
545.02 200
544.96 200
544.90 200
544.91 200
544.85 200
544.86 200
544.81 200
544.79 200
544.78 200
544.85 200
544.89 200
544.96 200
545.02 200
545.12 200
545.23 200
545.35 200
545.55 200
545.70 200
545.92 200
546.09 200
546.28 200
546.46 200
546.72 200
546.95 200
547.13 200
547.33 200
547.52 200
547.73 200
547.87 200
548.03 200
548.16 200
548.28 200
548.39 200
548.44 200
548.51 200
548.61 200
548.59 200
548.59 200
548.63 200
548.57 200
548.55 200
548.50 200
548.38 200
548.31 200
548.21 200
548.05 200
547.99 200
547.87 200
547.70 200
547.63 200
547.53 200
547.44 200
547.35 200
547.29 200
547.24 200
547.22 200
547.14 200
547.07 200
547.12 200
547.11 200
547.10 200
547.15 200
547.16 200
547.15 200
547.23 200
547.27 200
547.34 200
547.44 200
547.44 200
547.45 200
547.51 200
547.45 200
547.45 200
547.48 200
547.39 200
547.33 200
547.25 200
547.14 200
547.03 200
546.93 200
546.75 200
546.60 200
546.43 200
546.18 200
545.94 200
545.71 200
545.43 200
545.14 200
544.86 200
544.53 200
544.22 200
543.93 200
543.62 200
543.39 200
543.16 200
542.92 200
542.69 200
542.53 200
542.36 200
542.21 200
542.17 200
542.10 200
542.07 200
542.03 200
542.06 200
542.09 200
542.18 200
542.29 200
542.40 200
542.53 200
542.65 200
542.80 200
543.01 200
543.23 200
543.41 200
543.59 200
543.78 200
543.94 200
544.11 200
544.31 200
544.44 200
544.62 200
544.71 200
544.78 200
544.86 200
544.96 200
545.02 200
545.06 200
545.09 200
545.11 200
545.11 200
545.08 200
545.04 200
544.95 200
544.90 200
544.87 200
544.82 200
544.77 200
544.72 200
544.59 200
544.55 200
544.54 200
544.54 200
544.62 200
544.64 200
544.57 200
544.60 200
544.62 200
544.64 200
544.78 200
544.86 200
544.90 200
545.00 200
545.03 200
545.15 200
545.33 200
545.47 200
545.60 200
545.75 200
545.84 200
545.95 200
546.06 200
546.10 200
546.17 200
546.21 200
546.18 200
546.18 200
546.13 200
546.10 200
546.11 200
546.12 200
546.09 200
546.07 200
546.02 200
545.94 200
545.87 200
545.76 200
545.70 200
545.60 200
545.48 200
545.34 200
545.20 200
545.07 200
544.98 200
544.89 200
544.84 200
544.82 200
544.83 200
544.81 200
544.82 200
544.80 200
544.84 200
544.92 200
544.95 200
545.02 200
545.11 200
545.17 200
545.22 200
545.40 200
545.50 200
545.69 200
545.87 200
546.05 200
546.27 200
546.48 200
546.69 200
546.88 200
547.09 200
547.23 200
547.40 200
547.59 200
547.76 200
547.87 200
547.98 200
548.10 200
548.23 200
548.34 200
548.51 200
548.58 200
548.65 200
548.68 200
548.68 200
548.72 200
548.72 200
548.68 200
548.62 200
548.57 200
548.39 200
548.32 200
548.24 200
548.08 200
547.96 200
547.85 200
547.71 200
547.60 200
547.48 200
547.29 200
547.24 200
547.10 200
547.00 200
546.99 200
546.96 200
546.89 200
546.92 200
546.92 200
546.92 200
547.01 200
546.97 200
546.99 200
547.05 200
547.04 200
547.03 200
547.12 200
547.07 200
547.00 200
547.03 200
546.96 200
546.95 200
546.89 200
546.74 200
546.62 200
546.51 200
546.35 200
546.22 200
546.07 200
545.84 200
545.58 200
545.28 200
544.99 200
544.69 200
544.40 200
544.10 200
543.75 200
543.42 200
543.10 200
542.83 200
542.58 200
542.34 200
542.14 200
542.04 200
541.85 200
541.71 200
541.60 200
541.46 200
541.37 200
541.28 200
541.25 200
541.23 200
541.27 200
541.30 200
541.37 200
541.40 200
541.52 200
541.73 200
541.89 200
542.11 200
542.32 200
542.55 200
542.79 200
542.97 200
543.13 200
543.41 200
543.61 200
543.78 200
543.99 200
544.11 200
544.18 200
544.29 200
544.33 200
544.36 200
544.43 200
544.43 200
544.34 200
544.31 200
544.22 200
544.08 200
544.04 200
543.97 200
543.87 200
543.87 200
543.80 200
543.74 200
543.75 200
543.69 200
543.61 200
543.71 200
543.71 200
543.66 200
543.73 200
543.67 200
543.71 200
543.71 200
543.78 200
543.81 200
543.97 200
543.99 200
544.04 200
544.28 200
544.34 200
544.53 200
544.71 200
544.85 200
544.95 200
545.11 200
545.20 200
545.28 200
545.42 200
545.49 200
545.56 200
545.60 200
545.57 200
545.60 200
545.64 200
545.61 200
545.58 200
545.58 200
545.53 200
545.41 200
545.36 200
545.22 200
545.12 200
545.00 200
544.88 200
544.70 200
544.60 200
544.50 200
544.43 200
544.34 200
544.26 200
544.20 200
544.18 200
544.17 200
544.18 200
544.25 200
544.29 200
544.33 200
544.34 200
544.43 200
544.49 200
544.61 200
544.76 200
544.89 200
545.05 200
545.24 200
545.41 200
545.60 200
545.82 200
546.03 200
546.25 200
546.47 200
546.64 200
546.83 200
547.02 200
547.23 200
547.36 200
547.55 200
547.73 200
547.84 200
547.94 200
548.04 200
548.17 200
548.29 200
548.34 200
548.29 200
548.32 200
548.27 200
548.23 200
548.23 200
548.19 200
548.12 200
548.03 200
547.88 200
547.74 200
547.73 200
547.62 200
547.53 200
547.43 200
547.31 200
547.20 200
547.12 200
547.02 200
546.98 200
546.94 200
546.79 200
546.73 200
546.71 200
546.69 200
546.67 200
546.71 200
546.71 200
546.72 200
546.73 200
546.77 200
546.80 200
546.90 200
546.93 200
546.90 200
546.92 200
546.86 200
546.83 200
546.77 200
546.69 200
546.60 200
546.56 200
546.39 200
546.23 200
546.08 200
545.88 200
545.71 200
545.53 200
545.29 200
545.06 200
544.76 200
544.43 200
544.13 200
543.81 200
543.57 200
543.30 200
543.02 200
542.73 200
542.54 200
542.33 200
542.16 200
542.00 200
541.94 200
541.82 200
541.64 200
541.51 200
541.41 200
541.35 200
541.32 200
541.32 200
541.36 200
541.42 200
541.48 200
541.63 200
541.83 200
542.08 200
542.29 200
542.49 200
542.68 200
542.89 200
543.12 200
543.36 200
543.51 200
543.71 200
543.90 200
543.99 200
544.10 200
544.21 200
544.31 200
544.38 200
544.47 200
544.53 200
544.59 200
544.55 200
544.51 200
544.51 200
544.47 200
544.47 200
544.41 200
544.38 200
544.29 200
544.15 200
544.10 200
544.05 200
543.98 200
543.91 200
543.94 200
543.87 200
543.87 200
543.87 200
543.87 200
543.92 200
543.98 200
544.03 200
544.08 200
544.16 200
544.18 200
544.31 200
544.41 200
544.47 200
544.62 200
544.80 200
544.93 200
545.09 200
545.24 200
545.35 200
545.49 200
545.56 200
545.65 200
545.78 200
545.83 200
545.76 200
545.76 200
545.72 200
545.69 200
545.72 200
545.68 200
545.65 200
545.62 200
545.50 200
545.38 200
545.37 200
545.20 200
545.10 200
545.07 200
544.91 200
544.83 200
544.75 200
544.64 200
544.60 200
544.53 200
544.46 200
544.46 200
544.49 200
544.43 200
544.46 200
544.49 200
544.48 200
544.54 200
544.63 200
544.74 200
544.88 200
545.01 200
545.13 200
545.28 200
545.42 200
545.56 200
545.77 200
545.92 200
546.15 200
546.31 200
546.52 200
546.75 200
546.91 200
547.09 200
547.30 200
547.49 200
547.67 200
547.91 200
547.98 200
548.10 200
548.20 200
548.25 200
548.30 200
548.42 200
548.43 200
548.41 200
548.40 200
548.29 200
548.31 200
548.30 200
548.23 200
548.13 200
548.07 200
547.92 200
547.80 200
547.73 200
547.62 200
547.56 200
547.40 200
547.28 200
547.14 200
547.07 200
546.99 200
546.93 200
546.89 200
546.86 200
546.80 200
546.78 200
546.75 200
546.76 200
546.79 200
546.83 200
546.83 200
546.86 200
546.89 200
546.92 200
546.95 200
546.95 200
546.94 200
546.88 200
546.88 200
546.79 200
546.73 200
546.65 200
546.47 200
546.31 200
546.16 200
545.95 200
545.78 200
545.59 200
545.29 200
545.06 800
544.76 800
544.44 800
544.47 800
544.89 800
545.97 800
548.15 800
551.63 800
556.64 800
563.41 800
572.23 800
583.11 800
596.34 800
611.75 800
629.23 800
648.88 800
670.36 800
693.06 800
717.24 800
742.51 800
768.49 800
795.50 800
823.08 800
850.95 800
879.30 800
907.54 800
935.80 800
964.33 800
992.50 800
1020.78 800
1049.12 800
1077.02 800
1104.80 800
1132.51 800
1159.71 800
1186.90 800
1213.65 800
1239.88 800
1265.78 800
1291.11 800
1315.97 800
1340.38 800
1364.34 800
1387.89 800
1411.08 800
1433.88 800
1456.36 800
1478.64 800
1500.84 800
1522.75 800
1544.05 800
1565.21 800
1585.80 800
1605.90 800
1625.67 800
1644.88 800
1663.59 800
1682.01 800
1699.83 800
1717.20 800
1734.43 800
1751.13 800
1767.42 800
1783.39 800
1798.78 800
1813.67 800
1828.18 800
1842.11 800
1855.78 800
1869.10 800
1882.18 800
1895.07 800
1907.77 800
1920.23 800
1932.62 800
1944.78 800
1956.70 800
1968.49 800
1979.96 800
1991.07 800
2001.86 800
2012.37 800
2022.53 800
2032.39 800
2041.89 800
2051.34 800
2060.46 800
2069.13 800
2077.65 800
2085.95 800
2093.86 800
2101.66 800
2109.43 800
2116.99 800
2124.64 800
2132.05 800
2139.28 800
2146.73 800
2153.83 800
2160.74 800
2167.78 800
2174.59 800
2181.04 800
2187.56 800
2193.75 800
2199.69 800
2205.80 800
2211.38 800
2216.75 800
2222.21 800
2227.31 800
2232.16 800
2237.10 800
2241.67 800
2246.22 800
2250.98 800
2255.49 800
2260.00 800
2264.86 800
2269.26 800
2273.56 800
2278.02 800
2282.19 800
2286.34 800
2290.52 800
2294.25 800
2297.95 800
2301.70 800
2304.90 800
2308.28 800
2311.61 800
2314.56 800
2317.60 800
2320.65 800
2323.42 800
2326.39 800
2329.37 800
2332.41 800
2335.57 800
2338.78 800
2341.84 800
2345.08 800
2348.19 800
2351.32 800
2354.30 800
2357.19 800
2360.09 800
2362.69 800
2365.34 800
2367.83 800
2370.23 800
2372.51 800
2374.70 800
2376.60 800
2378.71 800
2380.81 800
2382.74 800
2384.91 800
2387.07 800
2389.20 800
2391.54 800
2393.88 800
2396.13 800
2398.52 800
2400.85 800
2402.97 800
2405.07 800
2406.89 800
2408.61 800
2410.22 800
2411.72 800
2413.14 800
2414.53 800
2415.78 800
2417.09 800
2418.34 800
2419.67 800
2421.25 800
2422.74 800
2424.47 800
2426.33 800
2428.24 800
2430.18 800
2432.14 800
2433.92 800
2435.88 800
2437.84 800
2439.60 800
2441.43 800
2443.29 800
2444.69 800
2445.96 800
2447.29 800
2448.28 800
2449.52 800
2450.58 800
2451.43 800
2452.64 800
2453.88 800
2454.69 800
2456.07 800
2457.35 800
2458.57 800
2460.21 800
2461.53 800
2462.81 800
2464.34 800
2465.36 800
2466.17 800
2467.35 800
2468.06 800
2468.87 800
2469.66 800
2470.14 800
2470.57 800
2471.21 800
2471.43 800
2471.88 800
2472.56 800
2473.07 800
2473.84 800
2474.63 800
2475.44 800
2476.39 800
2477.51 800
2478.42 800
2479.75 800
2480.91 800
2481.87 800
2482.83 800
2483.66 800
2484.30 800
2484.87 800
2485.41 800
2485.74 800
2486.21 800
2486.57 800
2487.05 800
2487.58 800
2488.20 800
2488.76 800
2489.47 800
2490.34 800
2491.06 800
2491.97 800
2492.95 800
2493.55 800
2493.93 800
2494.36 800
2494.61 800
2494.79 800
2494.95 800
2495.09 800
2495.06 800
2495.00 800
2494.79 800
2494.81 800
2495.04 800
2495.35 800
2495.67 800
2496.22 800
2496.81 800
2497.24 800
2497.96 800
2498.73 800
2499.38 800
2500.29 800
2501.04 800
2501.51 800
2502.04 800
2502.64 800
2502.91 800
2503.19 800
2503.46 800
2503.56 800
2503.84 800
2503.86 800
2504.03 800
2504.38 800
2504.77 800
2505.24 800
2505.77 800
2506.42 800
2507.14 800
2507.85 800
2508.50 800
2509.20 800
2509.84 800
2510.32 800
2510.69 800
2510.65 800
2510.97 800
2511.09 800
2511.03 800
2511.05 800
2511.11 800
2511.20 800
2511.25 800
2511.45 800
2511.61 800
2512.16 800
2512.46 800
2513.00 800
2513.72 800
2514.35 800
2514.85 800
2515.67 800
2516.23 800
2516.70 800
2517.36 800
2517.62 800
2517.84 800
2518.07 800
2518.09 800
2518.10 800
2518.35 800
2518.26 800
2518.38 800
2518.81 800
2519.03 800
2519.36 800
2519.98 800
2520.20 800
2520.65 800
2521.39 800
2521.72 800
2522.13 800
2522.43 800
2522.32 800
2522.21 800
2522.20 800
2521.79 800
2521.64 800
2521.45 800
2520.92 800
2520.67 800
2520.37 800
2520.15 800
2520.18 800
2520.36 800
2520.38 800
2520.73 800
2521.28 800
2521.65 800
2522.09 800
2522.39 800
2522.89 800
2523.18 800
2523.58 800
2523.68 800
2523.69 800
2523.54 800
2523.19 800
2522.88 800
2522.68 800
2522.71 800
2522.40 800
2522.50 800
2522.47 800
2522.54 800
2522.94 800
2523.38 800
2523.77 800
2524.35 800
2524.90 800
2525.21 800
2525.60 800
2525.69 800
2525.69 800
2525.56 800
2525.29 800
2525.07 800
2524.85 800
2524.49 800
2524.09 800
2523.77 800
2523.53 800
2523.51 800
2523.50 800
2523.73 800
2524.13 800
2524.39 800
2524.81 800
2525.40 800
2525.72 800
2526.36 800
2526.81 800
2527.06 800
2527.50 800
2527.72 800
2527.61 800
2527.73 800
2527.56 800
2527.19 800
2527.36 800
2527.15 800
2527.04 800
2527.28 800
2527.23 800
2527.33 800
2527.76 800
2527.93 800
2528.21 800
2528.60 800
2528.67 800
2528.85 800
2529.00 800
2528.71 800
2528.49 800
2528.26 800
2527.85 800
2527.41 800
2526.95 800
2526.43 800
2526.02 800
2525.60 800
2525.21 800
2525.08 800
2525.04 800
2524.95 800
2525.02 800
2525.17 800
2525.25 800
2525.30 800
2525.35 800
2525.43 800
2525.50 800
2525.44 800
2525.21 800
2524.89 800
2524.38 800
2523.90 800
2523.40 800
2523.18 800
2522.87 800
2522.49 800
2522.19 800
2522.03 800
2522.00 800
2522.06 800
2522.20 800
2522.25 800
2522.48 800
2522.58 800
2522.58 800
2522.64 800
2522.64 800
2522.36 800
2521.82 800
2521.37 800
2520.82 800
2520.45 800
2519.95 800
2519.44 800
2518.96 800
2518.53 800
2518.15 800
2517.88 800
2517.94 800
2518.05 800
2518.15 800
2518.25 800
2518.56 800
2518.76 800
2519.07 800
2519.43 800
2519.65 800
2520.07 800
2520.23 800
2520.13 800
2520.04 800
2519.98 800
2519.69 800
2519.56 800
2519.62 800
2519.22 800
2519.14 800
2518.92 800
2518.79 800
2519.01 800
2519.22 800
2519.30 800
2519.77 800
2520.00 800
2519.98 800
2520.41 800
2520.43 800
2520.32 800
2520.35 800
2520.06 800
2519.70 800
2519.54 800
2519.05 800
2518.58 800
2518.42 800
2518.05 800
2517.82 800
2517.93 800
2517.95 800
2518.03 800
2518.47 800
2518.68 800
2518.93 800
2519.36 800
2519.55 800
2519.86 800
2520.18 800
2520.14 800
2520.11 800
2520.08 800
2519.66 800
2519.41 800
2519.20 800
2518.91 800
2518.73 800
2518.62 800
2518.42 800
2518.44 800
2518.68 800
2518.91 800
2519.15 800
2519.41 800
2519.57 800
2520.00 800
2520.22 800
2520.15 800
2520.18 800
2520.12 800
2519.66 800
2519.20 800
2518.85 800
2518.46 800
2518.08 800
2517.55 800
2517.22 800
2517.06 800
2516.97 800
2516.97 800
2517.13 800
2517.47 800
2517.88 800
2518.20 800
2518.67 800
2519.14 800
2519.43 800
2519.77 800
2520.06 800
2520.10 800
2520.13 800
2520.01 800
2519.71 800
2519.49 800
2519.09 800
2518.75 800
2518.45 800
2518.26 800
2518.14 800
2518.12 800
2518.34 800
2518.53 800
2518.82 800
2519.19 800
2519.67 800
2519.96 800
2520.37 800
2520.60 800
2520.55 800
2520.56 800
2520.32 800
2520.07 800
2519.86 800
2519.57 800
2519.54 800
2519.29 800
2519.09 800
2518.69 800
2518.76 800
2518.80 800
2518.93 800
2519.26 800
2519.52 800
2519.67 800
2519.85 800
2520.20 800
2520.35 800
2520.95 800
2521.06 800
2521.05 800
2521.09 800
2521.07 800
2520.81 800
2520.81 800
2520.44 800
2520.18 800
2520.24 800
2520.18 800
2520.08 800
2520.24 800
2520.20 800
2520.20 800
2520.59 800
2520.88 800
2521.21 800
2521.55 800
2521.54 800
2521.47 800
2521.56 800
2521.42 800
2521.33 800
2521.21 800
2520.91 800
2520.66 800
2520.66 800
2520.49 800
2520.53 800
2520.66 800
2520.82 800
2521.15 800
2521.77 800
2522.15 800
2522.69 800
2523.26 800
2523.57 800
2524.00 800
2524.45 800
2524.76 800
2524.98 800
2525.14 800
2524.98 800
2524.89 800
2524.74 800
2524.54 800
2524.42 800
2524.39 800
2524.39 800
2524.33 800
2524.39 800
2524.58 800
2524.84 800
2525.22 800
2525.61 800
2525.94 800
2526.20 800
2526.39 800
2526.29 800
2526.26 800
2526.16 800
2525.74 800
2525.12 800
2524.57 800
2524.01 800
2523.55 800
2523.10 800
2522.77 800
2522.45 800
2522.25 800
2522.20 800
2522.34 800
2522.69 800
2523.11 800
2523.45 800
2523.81 800
2524.33 800
2524.67 800
2525.32 800
2525.77 800
2525.88 800
2526.02 800
2526.09 800
2525.86 800
2525.72 800
2525.57 800
2525.08 800
2524.93 800
2524.50 800
2524.16 800
2524.24 800
2524.22 800
2524.13 800
2524.48 800
2524.85 800
2524.92 800
2525.38 800
2525.45 800
2525.55 800
2525.62 800
2525.25 800
2524.78 800
2524.52 800
2523.91 800
2523.23 800
2522.65 800
2521.82 800
2521.19 800
2520.68 800
2520.16 800
2519.95 800
2519.99 800
2519.84 800
2519.89 800
2520.05 800
2520.27 800
2520.63 800
2521.19 800
2521.41 800
2521.65 800
2521.79 800
2521.83 800
2521.74 800
2521.63 800
2521.35 800
2521.07 800
2520.90 800
2520.53 800
2520.54 800
2520.52 800
2520.53 800
2520.54 800
2520.77 800
2521.04 800
2521.30 800
2521.79 800
2522.02 800
2522.10 800
2522.04 800
2522.03 800
2521.79 800
2521.52 800
2521.27 800
2520.82 800
2520.51 800
2520.12 800
2519.79 800
2519.50 800
2519.38 800
2519.30 800
2519.43 800
2519.65 800
2519.89 800
2520.24 800
2520.57 800
2520.91 800
2521.27 800
2521.70 800
2521.99 800
2522.08 800
2522.14 800
2522.10 800
2521.85 800
2521.76 800
2521.59 800
2521.09 800
2520.89 800
2520.64 800
2520.31 800
2520.39 800
2520.41 800
2520.55 800
2520.89 800
2521.04 800
2521.18 800
2521.71 800
2521.93 800
2522.15 800
2522.38 800
2522.15 800
2521.87 800
2521.75 800
2521.36 800
2520.91 800
2520.69 800
2520.26 800
2519.83 800
2519.63 800
2519.47 800
2519.48 800
2519.66 800
2519.56 800
2519.78 800
2520.19 800
2520.37 800
2520.70 800
2521.16 800
2521.50 800
2521.71 800
2521.94 800
2521.97 800
2522.00 800
2521.94 800
2521.76 800
2521.70 800
2521.66 800
2521.49 800
2521.33 800
2521.42 800
2521.45 800
2521.66 800
2521.89 800
2522.20 800
2522.46 800
2522.77 800
2523.07 800
2523.32 800
2523.59 800
2523.57 800
2523.46 800
2523.32 800
2523.23 800
2522.92 800
2522.81 800
2522.62 800
2522.28 800
2522.17 800
2522.01 800
2522.01 800
2522.22 800
2522.54 800
2522.79 800
2523.24 800
2523.72 800
2524.09 800
2524.47 800
2524.84 800
2525.27 800
2525.54 800
2525.63 800
2525.51 800
2525.43 800
2525.16 800
2524.76 800
2524.44 800
2524.25 800
2524.02 800
2523.61 800
2523.43 800
2523.42 800
2523.38 800
2523.34 800
2523.52 800
2523.62 800
2523.75 800
2523.85 800
2523.75 800
2523.76 800
2523.58 800
2523.13 800
2522.80 800
2522.36 800
2521.67 800
2521.32 800
2520.89 800
2520.31 800
2520.11 800
2519.75 800
2519.46 800
2519.65 800
2519.92 800
2520.14 800
2520.69 800
2520.94 800
2521.24 800
2521.88 800
2522.13 800
2522.40 800
2522.80 800
2522.76 800
2522.45 800
2522.39 800
2521.95 800
2521.61 800
2521.51 800
2521.04 800
2520.75 800
2520.60 800
2520.33 800
2520.23 800
2520.35 800
2520.37 800
2520.63 800
2520.91 800
2521.03 800
2521.17 800
2521.30 800
2521.21 800
2521.07 800
2520.96 800
2520.64 800
2520.40 800
2520.15 800
2519.75 800
2519.43 800
2519.19 800
2519.03 800
2518.96 800
2519.05 800
2519.29 800
2519.64 800
2519.97 800
2520.37 800
2520.79 800
2521.18 800
2521.65 800
2521.97 800
2522.37 800
2522.62 800
2522.53 800
2522.47 800
2522.35 800
2522.00 800
2521.78 800
2521.58 800
2521.26 800
2521.09 800
2520.79 800
2520.61 800
2520.49 800
2520.39 800
2520.34 800
2520.36 800
2520.35 800
2520.31 800
2520.18 800
2519.93 800
2519.73 800
2519.29 800
2518.91 800
2518.48 800
2517.89 800
2517.43 800
2516.95 800
2516.29 800
2515.87 800
2515.53 800
2515.18 800
2515.07 800
2515.08 800
2515.02 800
2515.28 800
2515.40 800
2515.27 800
2515.64 800
2515.68 800
2515.54 800
2515.58 800
2515.38 800
2514.92 800
2514.66 800
2514.20 800
2513.62 800
2513.48 800
2512.90 800
2512.56 800
2512.54 800
2512.31 800
2512.22 800
2512.49 800
2512.69 800
2512.70 800
2513.16 800
2513.27 800
2513.40 800
2513.67 800
2513.57 800
2513.38 800
2513.32 800
2512.90 800
2512.34 800
2511.97 800
2511.34 800
2510.93 800
2510.66 800
2510.21 800
2510.01 800
2510.03 800
2509.95 800
2510.19 800
2510.62 800
2511.01 800
2511.56 800
2512.11 800
2512.54 800
2513.10 800
2513.76 800
2514.11 800
2514.41 800
2514.73 800
2514.69 800
2514.72 800
2514.72 800
2514.59 800
2514.63 800
2514.63 800
2514.45 800
2514.55 800
2514.77 800
2514.76 800
2514.94 800
2515.23 800
2515.47 800
2515.83 800
2515.95 800
2516.01 800
2515.94 800
2515.97 800
2515.78 800
2515.54 800
2515.37 800
2515.12 800
2514.80 800
2514.48 800
2514.49 800
2514.29 800
2514.30 800
2514.29 800
2514.40 800
2514.78 800
2515.17 800
2515.45 800
2515.83 800
2516.26 800
2516.40 800
2516.68 800
2516.91 800
2517.04 800
2517.07 800
2516.89 800
2516.72 800
2516.49 800
2516.31 800
2516.07 800
2515.91 800
2515.91 800
2516.00 800
2516.02 800
2516.35 800
2516.66 800
2516.90 800
2517.36 800
2517.81 800
2518.11 800
2518.58 800
2518.87 800
2518.87 800
2518.90 800
2518.75 800
2518.58 800
2518.47 800
2518.19 800
2517.77 800
2517.64 800
2517.34 800
2517.05 800
2517.24 800
2517.35 800
2517.40 800
2517.84 800
2518.29 800
2518.66 800
2519.35 800
2519.72 800
2520.08 800
2520.69 800
2520.85 800
2521.09 800
2521.34 800
2521.16 800
2520.84 800
2520.68 800
2520.29 800
2520.13 800
2520.28 800
2520.06 800
2520.09 800
2520.19 800
2520.28 800
2520.61 800
2521.25 800
2521.72 800
2522.25 800
2522.63 800
2522.69 800
2522.96 800
2523.00 800
2522.83 800
2522.69 800
2522.63 800
2522.11 800
2521.82 800
2521.50 800
2521.12 800
2520.77 800
2520.46 800
2520.36 800
2520.38 800
2520.49 800
2520.50 800
2520.70 800
2521.00 800
2521.33 800
2521.82 800
2522.28 800
2522.69 800
2522.99 800
2523.19 800
2523.25 800
2523.12 800
2523.03 800
2522.89 800
2522.66 800
2522.60 800
2522.57 800
2522.50 800
2522.51 800
2522.76 800
2522.93 800
2523.31 800
2523.70 800
2524.07 800
2524.43 800
2524.55 800
2524.75 800
2524.77 800
2524.66 800
2524.46 800
2524.19 800
2523.83 800
2523.55 800
2523.14 800
2522.90 800
2522.70 800
2522.36 800
2522.28 800
2522.42 800
2522.36 800
2522.59 800
2522.92 800
2523.00 800
2523.34 800
2523.52 800
2523.75 800
2524.05 800
2524.32 800
2524.11 800
2524.18 800
2523.98 800
2523.48 800
2523.38 800
2522.97 800
2522.74 800
2522.49 800
2522.19 800
2521.81 800
2522.00 800
2521.97 800
2522.06 800
2522.55 800
2522.73 800
2523.00 800
2523.22 800
2523.22 800
2523.28 800
2523.37 800
2523.14 800
2522.81 800
2522.52 800
2521.89 800
2521.46 800
2521.09 800
2520.59 800
2520.32 800
2520.10 800
2519.83 800
2519.75 800
2519.89 800
2520.00 800
2520.31 800
2520.60 800
2520.86 800
2521.13 800
2521.32 800
2521.57 800
2521.68 800
2521.63 800
2521.56 800
2521.37 800
2521.24 800
2520.97 800
2520.69 800
2520.60 800
2520.61 800
2520.49 800
2520.81 800
2521.08 800
2521.25 800
2521.68 800
2522.06 800
2522.55 800
2523.04 800
2523.47 800
2523.67 800
2523.92 800
2523.73 800
2523.58 800
2523.41 800
2523.16 800
2522.85 800
2522.47 800
2522.21 800
2521.98 800
2521.95 800
2521.80 800
2521.99 800
2522.14 800
2522.53 800
2522.93 800
2523.22 800
2523.70 800
2524.23 800
2524.73 800
2525.08 800
2525.53 800
2525.72 800
2526.08 800
2526.12 800
2526.00 800
2525.99 800
2525.88 800
2525.68 800
2525.47 800
2525.44 800
2525.36 800
2525.47 800
2525.35 800
2525.40 800
2525.78 800
2526.07 800
2526.20 800
2526.54 800
2526.71 800
2526.60 800
2526.61 800
2526.47 800
2526.06 800
2525.89 800
2525.26 800
2524.64 800
2524.32 800
2523.69 800
2523.18 800
2522.90 800
2522.49 800
2522.25 800
2522.42 800
2522.30 800
2522.38 800
2522.60 800
2522.57 800
2522.91 800
2523.17 800
2523.26 800
2523.47 800
2523.52 800
2523.32 800
2523.19 800
2523.10 800
2522.83 800
2522.72 800
2522.44 800
2522.24 800
2522.22 800
2522.36 800
2522.53 800
2522.74 800
2523.07 800
2523.35 800
2523.77 800
2524.08 800
2524.34 800
2524.65 800
2524.67 800
2524.44 800
2524.26 800
2524.02 800
2523.73 800
2523.34 800
2522.97 800
2522.67 800
2522.46 800
2522.06 800
2521.97 800
2521.82 800
2521.73 800
2521.93 800
2522.14 800
2522.50 800
2522.87 800
2523.13 800
2523.38 800
2523.83 800
2524.01 800
2524.15 800
2524.16 800
2524.09 800
2523.80 800
2523.46 800
2523.14 800
2522.84 800
2522.55 800
2522.34 800
2522.23 800
2522.28 800
2522.45 800
2522.55 800
2522.85 800
2523.36 800
2523.68 800
2524.12 800
2524.68 800
2524.79 800
2524.89 800
2524.96 800
2524.69 800
2524.49 800
2524.25 800
2523.58 800
2523.20 800
2522.71 800
2521.94 800
2521.67 800
2521.35 800
2520.95 800
2521.00 800
2520.99 800
2520.88 800
2521.31 800
2521.49 800
2521.67 800
2522.08 800
2522.23 800
2522.49 800
2522.74 800
2522.64 800
2522.39 800
2522.28 800
2521.65 800
2521.15 800
2520.86 800
2520.45 800
2520.10 800
2519.83 800
2519.51 800
2519.45 800
2519.61 800
2519.73 800
2520.08 800
2520.42 800
2520.56 800
2520.66 800
2520.76 800
2520.54 800
2520.43 800
2520.17 800
2519.71 800
2519.22 800
2518.68 800
2518.11 800
2517.57 800
2517.09 800
2516.79 800
2516.59 800
2516.61 800
2516.79 800
2516.93 800
2517.15 800
2517.57 800
2517.88 800
2518.30 800
2518.76 800
2518.98 800
2519.25 800
2519.36 800
2519.09 800
2519.05 800
2518.93 800
2518.59 800
2518.45 800
2518.36 800
2518.08 800
2518.03 800
2517.92 800
2517.88 800
2518.18 800
2518.30 800
2518.55 800
2518.78 800
2518.94 800
2519.12 800
2519.27 800
2519.19 800
2519.23 800
2518.94 800
2518.67 800
2518.38 800
2517.85 800
2517.51 800
2517.25 800
2516.69 800
2516.37 800
2516.26 800
2516.02 800
2516.14 800
2516.19 800
2516.20 800
2516.61 800
2517.06 800
2517.22 800
2517.79 800
2518.12 800
2518.25 800
2518.65 800
2518.67 800
2518.53 800
2518.67 800
2518.41 800
2518.00 800
2518.02 800
2517.79 800
2517.63 800
2517.82 800
2517.78 800
2517.90 800
2518.32 800
2518.41 800
2518.74 800
2519.21 800
2519.38 800
2519.60 800
2519.93 800
2519.97 800
2519.86 800
2519.84 800
2519.46 800
2519.31 800
2519.08 800
2518.79 800
2518.50 800
2518.24 800
2517.88 800
2517.63 800
2517.45 800
2517.40 800
2517.60 800
2517.75 800
2518.00 800
2518.13 800
2518.51 800
2518.86 800
2519.14 800
2519.41 800
2519.75 800
2519.80 800
2519.88 800
2519.83 800
2519.54 800
2519.39 800
2519.24 800
2519.01 800
2519.16 800
2519.15 800
2519.17 800
2519.37 800
2519.53 800
2519.77 800
2520.10 800
2520.62 800
2521.02 800
2521.19 800
2521.17 800
2521.18 800
2521.04 800
2520.78 800
2520.47 800
2520.12 800
2519.88 800
2519.43 800
2518.89 800
2518.71 800
2518.50 800
2518.31 800
2518.40 800
2518.64 800
2518.78 800
2519.15 800
2519.54 800
2519.87 800
2520.37 800
2520.73 800
2520.97 800
2521.42 800
2521.57 800
2521.50 800
2521.61 800
2521.51 800
2521.29 800
2521.29 800
2521.20 800
2521.12 800
2521.56 800
2521.64 800
2521.78 800
2522.25 800
2522.57 800
2522.91 800
2523.56 800
2523.88 800
2524.30 800
2524.83 800
2524.74 800
2524.64 800
2524.75 800
2524.52 800
2524.18 800
2523.94 800
2523.36 800
2522.95 800
2522.54 800
2522.02 800
2521.74 800
2521.75 800
2521.55 800
2521.60 800
2521.87 800
2522.09 800
2522.48 800
2522.88 800
2523.20 800
2523.63 800
2523.97 800
2524.11 800
2524.31 800
2524.38 800
2524.26 800
2524.14 800
2524.01 800
2523.81 800
2523.72 800
2523.54 800
2523.62 800
2523.59 800
2523.70 800
2523.85 800
2524.03 800
2524.30 800
2524.61 800
2524.84 800
2525.04 800
2525.28 800
2525.08 800
2525.05 800
2524.87 800
2524.63 800
2524.37 800
2524.07 800
2523.63 800
2523.27 800
2522.93 800
2522.55 800
2522.37 800
2522.20 800
2522.12 800
2521.99 800
2522.05 800
2522.14 800
2522.22 800
2522.43 800
2522.59 800
2522.71 800
2522.82 800
2522.96 800
2522.85 800
2522.78 800
2522.71 800
2522.34 800
2522.07 800
2521.76 800
2521.44 800
2521.31 800
2521.19 800
2520.99 800
2521.01 800
2521.15 800
2521.00 800
2521.33 800
2521.57 800
2521.59 800
2521.83 800
2521.83 800
2521.57 800
2521.52 800
2521.24 800
2520.67 800
2520.49 800
2519.95 800
2519.41 800
2519.24 800
2518.82 800
2518.43 800
2518.52 800
2518.38 800
2518.41 800
2518.83 800
2518.87 800
2519.15 800
2519.68 800
2519.83 800
2520.06 800
2520.43 800
2520.57 800
2520.67 800
2520.76 800
2520.49 800
2520.35 800
2520.25 800
2519.84 800
2519.71 800
2519.64 800
2519.51 800
2519.42 800
2519.49 800
2519.52 800
2519.76 800
2520.15 800
2520.36 800
2520.75 800
2521.05 800
2521.13 800
2521.20 800
2521.00 800
2520.71 800
2520.35 800
2519.91 800
2519.40 800
2518.86 800
2518.28 800
2517.79 800
2517.48 800
2517.10 800
2517.04 800
2516.92 800
2517.02 800
2517.24 800
2517.35 800
2517.67 800
2518.07 800
2518.30 800
2518.54 800
2518.74 800
2518.81 800
2518.82 800
2518.73 800
2518.50 800
2518.21 800
2517.85 800
2517.45 800
2517.12 800
2516.79 800
2516.71 800
2516.55 800
2516.73 800
2516.87 800
2516.97 800
2517.28 800
2517.67 800
2517.94 800
2518.30 800
2518.60 800
2518.59 800
2518.70 800
2518.49 800
2518.15 800
2518.07 800
2517.99 800
2517.61 800
2517.52 800
2517.25 800
2517.09 800
2517.18 800
2517.24 800
2517.36 800
2517.92 800
2518.19 800
2518.47 800
2519.07 800
2519.37 800
2519.74 800
2520.19 800
2520.31 800
2520.64 800
2520.82 800
2520.61 800
2520.49 800
2520.35 800
2520.07 800
2519.95 800
2519.99 800
2519.84 800
2520.01 800
2520.14 800
2520.38 800
2520.83 800
2521.44 800
2521.89 800
2522.41 800
2522.97 800
2523.29 800
2523.62 800
2523.75 800
2523.69 800
2523.54 800
2523.31 800
2523.12 800
2522.85 800
2522.60 800
2522.29 800
2522.21 800
2521.99 800
2521.99 800
2522.05 800
2522.29 800
2522.64 800
2522.76 800
2523.11 800
2523.52 800
2523.80 800
2523.99 800
2524.22 800
2524.38 800
2524.33 800
2524.21 800
2523.94 800
2523.57 800
2523.18 800
2522.79 800
2522.35 800
2522.06 800
2521.93 800
2521.69 800
2521.67 800
2521.75 800
2521.79 800
2522.01 800
2522.13 800
2522.06 800
2522.24 800
2522.17 800
2521.82 800
2521.65 800
2521.39 800
2520.84 800
2520.44 800
2519.87 800
2519.25 800
2518.92 800
2518.37 800
2517.88 800
2517.78 800
2517.50 800
2517.18 800
2517.36 800
2517.25 800
2517.37 800
2517.69 800
2517.72 800
2517.93 800
2518.29 800
2518.29 800
2518.41 800
2518.59 800
2518.27 800
2518.15 800
2518.13 800
2517.80 800
2517.61 800
2517.43 800
2517.14 800
2517.08 800
2516.99 800
2516.93 800
2517.12 800
2517.27 800
2517.32 800
2517.56 800
2517.81 800
2518.05 800
2518.18 800
2518.22 800
2518.19 800
2518.02 800
2517.82 800
2517.66 800
2517.36 800
2517.19 800
2517.06 800
2516.79 800
2516.74 800
2516.79 800
2516.87 800
2517.28 800
2517.72 800
2518.12 800
2518.62 800
2519.12 800
2519.60 800
2520.05 800
2520.52 800
2520.95 800
2521.25 800
2521.47 800
2521.40 800
2521.28 800
2521.19 800
2521.08 800
2520.79 800
2520.69 800
2520.67 800
2520.52 800
2520.62 800
2520.66 800
2520.94 800
2521.29 800
2521.54 800
2521.69 800
2522.16 800
2522.39 800
2522.34 800
2522.48 800
2522.33 800
2521.97 800
2521.73 800
2521.38 800
2521.04 800
2520.90 800
2520.53 800
2520.17 800
2520.36 800
2520.07 800
2520.07 800
2520.47 800
2520.52 800
2520.77 800
2521.20 800
2521.36 800
2521.73 800
2522.23 800
2522.28 800
2522.69 800
2522.96 800
2522.94 800
2522.98 800
2522.96 800
2522.67 800
2522.57 800
2522.27 800
2522.04 800
2521.79 800
2521.62 800
2521.51 800
2521.38 800
2521.47 800
2521.65 800
2522.03 800
2522.28 800
2522.57 800
2522.63 800
2522.75 800
2522.71 800
2522.43 800
2522.13 800
2521.79 800
2521.16 800
2520.49 800
2519.96 800
2519.30 800
2518.70 800
2518.16 800
2517.74 800
2517.43 800
2517.26 800
2517.19 800
2517.22 800
2517.30 800
2517.38 800
2517.55 800
2517.80 800
2518.04 800
2518.06 800
2518.07 800
2517.99 800
2517.64 800
2517.40 800
2516.96 800
2516.57 800
2516.26 800
2515.93 800
2515.53 800
2515.64 800
2515.59 800
2515.48 800
2515.72 800
2515.91 800
2516.18 800
2516.56 800
2516.83 800
2516.97 800
2517.25 800
2517.09 800
2516.90 800
2516.73 800
2516.23 800
2515.94 800
2515.57 800
2514.94 800
2514.44 800
2514.20 800
2513.77 800
2513.48 800
2513.54 800
2513.62 800
2513.95 800
2514.17 800
2514.53 800
2514.99 800
2515.46 800
2515.69 800
2516.07 800
2516.36 800
2516.37 800
2516.25 800
2515.99 800
2515.65 800
2515.20 800
2514.81 800
2514.50 800
2514.23 800
2513.97 800
2513.76 800
2513.69 800
2513.86 800
2514.08 800
2514.23 800
2514.59 800
2514.86 800
2514.91 800
2515.11 800
2514.94 800
2514.68 800
2514.31 800
2513.81 800
2513.30 800
2512.88 800
2512.27 800
2511.69 800
2511.10 800
2510.55 800
2510.35 800
2510.20 800
2510.27 800
2510.46 800
2510.61 800
2510.84 800
2511.28 800
2511.63 800
2512.18 800
2512.67 800
2512.86 800
2513.22 800
2513.38 800
2513.32 800
2513.42 800
2513.36 800
2513.09 800
2513.14 800
2513.09 800
2513.08 800
2513.43 800
2513.58 800
2513.82 800
2514.41 800
2514.82 800
2515.33 800
2516.15 800
2516.47 800
2516.87 800
2517.18 800
2517.24 800
2517.35 800
2517.49 800
2517.29 800
2517.22 800
2517.18 800
2516.87 800
2516.85 800
2516.83 800
2516.76 800
2516.93 800
2517.18 800
2517.36 800
2517.80 800
2518.25 800
2518.62 800
2519.13 800
2519.57 800
2520.03 800
2520.43 800
2520.75 800
2520.94 800
2521.08 800
2521.06 800
2520.93 800
2520.92 800
2520.76 800
2520.66 800
2520.49 800
2520.50 800
2520.57 800
2520.64 800
2520.89 800
2521.22 800
2521.56 800
2521.86 800
2522.35 800
2522.67 800
2523.00 800
2523.13 800
2523.17 800
2523.01 800
2522.84 800
2522.61 800
2522.34 800
2522.04 800
2521.74 800
2521.41 800
2521.23 800
2521.17 800
2521.06 800
2521.26 800
2521.51 800
2521.71 800
2522.06 800
2522.48 800
2522.76 800
2523.24 800
2523.52 800
2523.62 800
2523.94 800
2523.99 800
2523.77 800
2523.68 800
2523.38 800
2523.00 800
2522.80 800
2522.45 800
2522.09 800
2522.09 800
2521.84 800
2521.63 800
2521.83 800
2521.84 800
2521.87 800
2522.09 800
2521.93 800
2521.88 800
2521.88 800
2521.46 800
2521.12 800
2520.79 800
2520.09 800
2519.51 800
2519.06 800
2518.29 800
2518.01 800
2517.78 800
2517.38 800
2517.28 800
2517.24 800
2517.26 800
2517.53 800
2517.69 800
2517.93 800
2518.26 800
2518.41 800
2518.59 800
2518.85 800
2519.10 800
2519.24 800
2519.26 800
2519.30 800
2519.19 800
2518.87 800
2518.72 800
2518.58 800
2518.29 800
2518.38 800
2518.32 800
2518.17 800
2518.23 800
2518.24 800
2518.42 800
2518.63 800
2518.74 800
2518.84 800
2519.03 800
2518.81 800
2518.63 800
2518.34 800
2518.00 800
2517.56 800
2517.14 800
2516.74 800
2516.36 800
2515.88 800
2515.42 800
2515.17 800
2514.87 800
2514.92 800
2514.97 800
2515.01 800
2515.18 800
2515.52 800
2515.78 800
2516.15 800
2516.53 800
2516.74 800
2517.03 800
2517.07 800
2516.85 800
2516.87 800
2516.57 800
2516.08 800
2515.79 800
2515.43 800
2515.09 800
2514.94 800
2514.72 800
2514.56 800
2514.81 800
2514.77 800
2514.89 800
2515.30 800
2515.48 800
2515.62 800
2515.82 800
2515.76 800
2515.64 800
2515.66 800
2515.30 800
2514.87 800
2514.49 800
2513.86 800
2513.38 800
2513.02 800
2512.61 800
2512.28 800
2512.16 800
2511.95 800
2511.99 800
2512.34 800
2512.61 800
2513.04 800
2513.52 800
2513.88 800
2514.26 800
2514.79 800
2515.12 800
2515.47 800
2515.76 800
2515.77 800
2515.83 800
2516.02 800
2515.92 800
2515.95 800
2516.03 800
2515.96 800
2516.02 800
2516.17 800
2516.46 800
2516.79 800
2517.20 800
2517.53 800
2518.00 800
2518.44 800
2518.80 800
2519.24 800
2519.49 800
2519.68 800
2519.46 800
2519.40 800
2519.35 800
2519.05 800
2518.92 800
2518.86 800
2518.65 800
2518.82 800
2518.94 800
2519.00 800
2519.40 800
2519.71 800
2520.00 800
2520.38 800
2520.73 800
2521.07 800
2521.42 800
2521.39 800
2521.60 800
2521.68 800
2521.60 800
2521.59 800
2521.33 800
2521.18 800
2521.04 800
2520.75 800
2520.66 800
2520.63 800
2520.64 800
2520.80 800
2520.98 800
2521.03 800
2521.41 800
2521.71 800
2521.91 800
2522.22 800
2522.21 800
2522.22 800
2522.12 800
2521.87 800
2521.51 800
2521.38 800
2521.04 800
2520.69 800
2520.54 800
2520.34 800
2520.33 800
2520.44 800
2520.58 800
2520.80 800
2521.41 800
2521.86 800
2522.33 800
2523.13 800
2523.72 800
2524.18 800
2524.86 800
2525.21 800
2525.47 800
2525.94 800
2525.80 800
2525.70 800
2525.73 800
2525.30 800
2525.04 800
2525.07 800
2524.76 800
2524.68 800
2524.82 800
2524.65 800
2524.91 800
2525.25 800
2525.42 800
2525.83 800
2526.16 800
2526.19 800
2526.38 800
2526.25 800
2525.94 800
2525.81 800
2525.43 800
2524.95 800
2524.62 800
2524.12 800
2523.68 800
2523.32 800
2523.01 800
2522.96 800
2522.97 800
2523.01 800
2523.26 800
2523.44 800
2523.71 800
2524.17 800
2524.39 800
2524.70 800
2525.02 800
2525.11 800
2525.05 800
2524.86 800
2524.54 800
2524.19 800
2523.78 800
2523.26 800
2522.89 800
2522.57 800
2522.27 800
2522.04 800
2522.00 800
2522.15 800
2522.24 800
2522.47 800
2522.81 800
2523.04 800
2523.35 800
2523.65 800
2523.75 800
2523.78 800
2523.57 800
2523.10 800
2522.92 800
2522.53 800
2521.96 800
2521.68 800
2521.27 800
2520.79 800
2520.57 800
2520.46 800
2520.47 800
2520.82 800
2521.12 800
2521.41 800
2521.93 800
2522.17 800
2522.44 800
2522.93 800
2523.10 800
2523.16 800
2523.29 800
2523.01 800
2522.62 800
2522.41 800
2521.96 800
2521.65 800
2521.55 800
2521.17 800
2521.06 800
2521.13 800
2521.15 800
2521.43 800
2521.76 800
2522.20 800
2522.62 800
2523.01 800
2523.17 800
2523.24 800
2523.14 800
2522.96 800
2522.70 800
2522.36 800
2521.94 800
2521.27 800
2520.76 800
2520.30 800
2519.80 800
2519.55 800
2519.39 800
2519.25 800
2519.32 800
2519.58 800
2519.64 800
2519.94 800
2520.28 800
2520.46 800
2520.65 800
2520.84 800
2520.90 800
2520.86 800
2520.76 800
2520.43 800
2520.14 800
2519.77 800
2519.36 800
2518.98 800
2518.85 800
2518.76 800
2518.65 800
2518.69 800
2518.80 800
2518.89 800
2519.20 800
2519.58 800
2519.85 800
2520.20 800
2520.45 800
2520.31 800
2520.30 800
2520.08 800
2519.59 800
2519.32 800
2518.87 800
2518.23 800
2517.90 800
2517.46 800
2516.89 800
2516.84 800
2516.70 800
2516.66 800
2517.05 800
2517.39 800
2517.58 800
2518.11 800
2518.49 800
2518.72 800
2519.13 800
2519.15 800
2519.32 800
2519.42 800
2519.18 800
2518.68 800
2518.45 800
2517.86 800
2517.21 800
2516.90 800
2516.45 800
2516.24 800
2515.92 800
2515.64 800
2515.47 800
2515.52 800
2515.45 800
2515.59 800
2515.69 800
2515.64 800
2515.50 800
2515.24 800
2514.97 800
2514.56 800
2514.07 800
2513.55 800
2513.15 800
2512.55 800
2512.05 800
2511.51 800
2511.27 800
2511.10 800
2510.91 800
2511.04 800
2511.28 800
2511.51 800
2511.82 800
2512.36 800
2512.75 800
2513.18 800
2513.56 800
2513.92 800
2514.17 800
2514.28 800
2514.30 800
2514.16 800
2514.01 800
2513.79 800
2513.56 800
2513.52 800
2513.61 800
2513.48 800
2513.54 800
2513.56 800
2513.59 800
2513.95 800
2514.19 800
2514.49 800
2514.93 800
2515.16 800
2515.04 800
2515.23 800
2515.20 800
2515.12 800
2515.28 800
2515.03 800
2514.74 800
2514.52 800
2514.22 800
2513.94 800
2513.97 800
2513.73 800
2513.69 800
2513.89 800
2513.83 800
2514.06 800
2514.45 800
2514.71 800
2515.01 800
2515.54 800
2515.71 800
2516.08 800
2516.41 800
2516.44 800
2516.51 800
2516.44 800
2516.20 800
2515.91 800
2515.69 800
2515.43 800
2515.33 800
2515.23 800
2515.26 800
2515.36 800
2515.66 800
2516.00 800
2516.39 800
2516.89 800
2517.38 800
2517.64 800
2517.92 800
2518.09 800
2517.98 800
2517.94 800
2517.68 800
2517.32 800
2517.09 800
2516.85 800
2516.52 800
2516.16 800
2515.84 800
2515.62 800
2515.54 800
2515.53 800
2515.61 800
2515.77 800
2515.93 800
2516.20 800
2516.31 800
2516.62 800
2516.95 800
2517.08 800
2517.20 800
2517.26 800
2517.13 800
2516.91 800
2516.55 800
2515.91 800
2515.66 800
2515.34 800
2514.91 800
2514.80 800
2514.64 800
2514.40 800
2514.44 800
2514.54 800
2514.64 800
2515.01 800
2515.05 800
2515.03 800
2515.13 800
2514.68 800
2514.28 800
2513.94 800
2513.24 800
2512.64 800
2512.16 800
2511.46 800
2510.89 800
2510.52 800
2510.00 800
2509.90 800
2510.07 800
2510.06 800
2510.32 800
2510.66 800
2510.92 800
2511.35 800
2511.82 800
2512.14 800
2512.57 800
2512.83 800
2512.86 800
2512.98 800
2513.00 800
2512.87 800
2512.71 800
2512.57 800
2512.43 800
2512.32 800
2512.32 800
2512.53 800
2512.60 800
2512.95 800
2513.34 800
2513.71 800
2514.21 800
2514.69 800
2515.18 800
2515.58 800
2515.63 800
2515.55 800
2515.38 800
2515.10 800
2514.77 800
2514.40 800
2514.04 800
2513.74 800
2513.30 800
2513.03 800
2513.20 800
2513.18 800
2513.50 800
2513.92 800
2514.26 800
2514.83 800
2515.43 800
2515.91 800
2516.58 800
2517.25 800
2517.67 800
2518.28 800
2518.65 800
2518.78 800
2519.13 800
2519.24 800
2519.19 800
2519.42 800
2519.55 800
2519.58 800
2519.91 800
2520.20 800
2520.53 800
2521.18 800
2521.62 800
2522.13 800
2522.97 800
2523.47 800
2523.85 800
2524.46 800
2524.64 800
2524.69 800
2524.77 800
2524.48 800
2524.29 800
2524.21 800
2523.76 800
2523.46 800
2523.38 800
2523.04 800
2522.92 800
2523.06 800
2523.19 800
2523.55 800
2523.96 800
2524.29 800
2524.78 800
2525.32 800
2525.64 800
2526.25 800
2526.52 800
2526.66 800
2526.67 800
2526.59 800
2526.45 800
2526.23 800
2526.01 800
2525.84 800
2525.68 800
2525.40 800
2525.47 800
2525.54 800
2525.82 800
2526.18 800
2526.43 800
2526.91 800
2527.36 800
2527.58 800
2527.94 800
2528.01 800
2527.98 800
2527.80 800
2527.54 800
2527.23 800
2526.82 800
2526.36 800
2525.90 800
2525.46 800
2525.01 800
2524.89 800
2524.65 800
2524.70 800
2524.84 800
2524.85 800
2525.22 800
2525.61 800
2525.82 800
2526.24 800
2526.67 800
2526.68 800
2526.99 800
2526.99 800
2526.73 800
2526.71 800
2526.47 800
2525.91 800
2525.72 800
2525.35 800
2524.84 800
2524.85 800
2524.58 800
2524.45 800
2524.67 800
2524.68 800
2524.67 800
2525.11 800
2525.05 800
2525.08 800
2525.23 800
2524.91 800
2524.61 800
2524.36 800
2523.72 800
2523.18 800
2522.81 800
2522.01 800
2521.55 800
2521.14 800
2520.75 800
2520.51 800
2520.43 800
2520.32 800
2520.47 800
2520.67 800
2520.85 800
2521.09 800
2521.35 800
2521.63 800
2521.76 800
2522.02 800
2522.14 800
2522.16 800
2522.09 800
2521.90 800
2521.45 800
2521.26 800
2521.05 800
2520.85 800
2520.63 800
2520.52 800
2520.29 800
2520.19 800
2520.15 800
2520.22 800
2520.33 800
2520.48 800
2520.61 800
2520.53 800
2520.51 800
2520.31 800
2520.02 800
2519.76 800
2519.41 800
2518.87 800
2518.44 800
2517.98 800
2517.35 800
2516.91 800
2516.59 800
2516.09 800
2515.99 800
2515.86 800
2515.71 800
2515.87 800
2516.02 800
2516.04 800
2516.40 800
2516.62 800
2516.77 800
2517.18 800
2517.24 800
2517.17 800
2517.22 800
2516.85 800
2516.44 800
2516.25 800
2515.69 800
2515.33 800
2515.08 800
2514.66 800
2514.51 800
2514.55 800
2514.61 800
2514.89 800
2515.24 800
2515.37 800
2515.73 800
2516.01 800
2516.00 800
2516.15 800
2515.95 800
2515.76 800
2515.34 800
2514.94 800
2514.62 800
2514.38 800
2514.15 800
2513.87 800
2513.69 800
2513.62 800
2513.85 800
2513.98 800
2514.41 800
2514.94 800
2515.24 800
2515.88 800
2516.49 800
2516.88 800
2517.38 800
2517.61 800
2517.83 800
2517.91 800
2517.81 800
2517.72 800
2517.59 800
2517.26 800
2517.01 800
2516.92 800
2516.87 800
2517.09 800
2517.12 800
2517.49 800
2517.93 800
2518.19 800
2518.71 800
2519.18 800
2519.60 800
2519.99 800
2520.24 800
2520.21 800
2520.23 800
2520.08 800
2519.74 800
2519.52 800
2519.09 800
2518.57 800
2518.13 800
2517.77 800
2517.43 800
2517.47 800
2517.52 800
2517.52 800
2517.90 800
2518.29 800
2518.68 800
2519.40 800
2519.92 800
2520.36 800
2521.05 800
2521.22 800
2521.41 800
2521.62 800
2521.43 800
2521.21 800
2521.16 800
2520.74 800
2520.50 800
2520.48 800
2520.19 800
2520.37 800
2520.57 800
2520.70 800
2521.13 800
2521.60 800
2521.95 800
2522.50 800
2522.97 800
2523.16 800
2523.41 800
2523.21 800
2523.03 800
2522.79 800
2522.57 800
2522.20 800
2521.83 800
2521.34 800
2520.92 800
2520.60 800
2520.49 800
2520.53 800
2520.58 800
2520.83 800
2521.16 800
2521.38 800
2521.78 800
2522.28 800
2522.60 800
2522.99 800
2523.25 800
2523.43 800
2523.60 800
2523.58 800
2523.25 800
2523.07 800
2522.89 800
2522.66 800
2522.54 800
2522.45 800
2522.30 800
2522.32 800
2522.36 800
2522.58 800
2522.95 800
2523.33 800
2523.66 800
2523.88 800
2524.09 800
2524.17 800
2524.15 800
2523.98 800
2523.73 800
2523.24 800
2522.69 800
2522.07 800
2521.28 800
2520.76 800
2520.15 800
2519.48 800
2519.15 800
2518.86 800
2518.59 800
2518.67 800
2518.68 800
2518.72 800
2519.10 800
2519.30 800
2519.40 800
2519.81 800
2519.73 800
2519.60 800
2519.60 800
2519.23 800
2518.79 800
2518.49 800
2517.84 800
2517.43 800
2517.14 800
2516.62 800
2516.43 800
2516.55 800
2516.37 800
2516.47 800
2516.74 800
2516.94 800
2517.35 800
2517.49 800
2517.62 800
2517.81 800
2517.83 800
2517.58 800
2517.62 800
2517.44 800
2517.11 800
2516.87 800
2516.67 800
2516.32 800
2516.21 800
2516.04 800
2516.03 800
2516.08 800
2516.16 800
2516.45 800
2516.82 800
2517.26 800
2517.68 800
2518.14 800
2518.58 800
2519.08 800
2519.38 800
2519.69 800
2519.87 800
2519.94 800
2520.07 800
2519.99 800
2519.81 800
2519.77 800
2519.72 800
2519.62 800
2519.56 800
2519.71 800
2519.82 800
2519.87 800
2520.00 800
2520.32 800
2520.58 800
2520.83 800
2521.01 800
2521.06 800
2521.14 800
2521.00 800
2520.80 800
2520.65 800
2520.41 800
2519.91 800
2519.67 800
2519.30 800
2519.01 800
2518.94 800
2518.85 800
2518.70 800
2518.95 800
2519.14 0